PGSolver Collection Ver. 4.0: Parity Game Solver
Authors: Oliver Friedmann (University of Munich) and Martin Lange (University of Kassel), 2008-2017
http://tcsprojects.org

Parsing ............................... 0.00 sec
Chosen solver `recursive' ............. 0.00 sec

Player 0 wins from nodes:
  {330, 329, 328, 327, 326, 325, 324, 323, 322, 321, 320, 319, 318, 317, 316, 315, 314, 313, 312, 311, 310, 309, 308, 307, 306, 305, 304, 303, 302, 301, 300, 299, 298, 297, 296, 295, 294, 293, 292, 291, 290, 289, 288, 287, 286, 282, 281, 280, 279, 278, 277, 160, 159, 158, 157, 156, 155, 151, 149, 147, 146, 145, 144, 143, 141, 131, 130, 128, 126, 123, 120, 110, 109, 107, 106, 104, 98, 97, 95, 94, 93, 92, 91, 90, 89, 88, 87, 86, 85, 84, 83, 82, 81, 80, 79, 78, 77, 76, 75, 74, 73, 72, 71, 70, 69, 68, 67, 66, 65, 64, 63, 62, 61, 60, 59, 58, 57, 56, 55, 54, 53, 52, 51, 50, 49, 48, 47, 46, 45, 44, 43, 42, 41, 40, 39, 38, 37, 36, 35, 34, 33, 32, 31, 30, 29, 28, 27, 26, 25, 24, 23, 22, 21, 20, 19, 18, 17, 16, 15, 14, 13, 12, 11, 10, 9, 8, 7, 6, 5, 4, 3, 2, 1, 0}
with strategy
  [0->128,1->5,2->10,3->1,4->1,5->22,6->7,7->23,8->9,9->24,10->25,11->6,12->26,13->1,14->27,15->5,16->17,17->29,18->19,19->30,20->16,21->31,22->37,23->36,24->38,25->39,26->40,27->41,28->22,29->42,30->43,31->44,32->34,33->35,34->48,35->49,36->52,37->53,38->56,39->57,40->36,41->37,42->63,43->66,44->42,45->34,46->73,47->49,48->75,49->76,50->51,51->77,52->78,53->79,54->55,55->80,56->81,57->82,58->52,59->50,60->51,61->50,62->53,63->86,64->65,65->87,66->89,67->68,68->88,69->63,70->67,71->68,72->64,73->92,74->76,75->93,76->94,77->3,78->4,79->13,80->59,81->61,82->11,83->78,84->77,85->79,86->72,87->70,88->33,89->32,90->86,91->88,92->93,93->143,94->144,95->98,97->62,98->58,104->14,106->15,107->12,109->60,110->106,120->71,123->47,126->123,128->130,130->69,131->141,141->143,143->146,144->147,145->146,146->20,147->45,149->21,151->46,155->93,156->42,157->94,158->43,159->44,160->92,277->34,278->48,279->75,280->35,281->49,282->76,286->16,287->17,288->143,289->29,290->146,291->149,292->20,293->64,294->65,295->63,296->21,297->18,298->19,299->87,300->86,301->31,302->30,303->120,304->70,305->72,306->71,307->67,308->130,309->69,310->144,311->68,312->66,313->91,314->90,315->147,316->88,317->89,318->126,319->151,320->45,321->123,322->33,323->32,324->46,325->47,326->73,327->74,328->131,329->141,330->145]

Player 1 wins from nodes:
  {549, 548, 547, 546, 545, 544, 543, 542, 541, 540, 539, 538, 537, 536, 535, 534, 533, 532, 531, 530, 529, 528, 527, 526, 525, 524, 523, 522, 521, 520, 519, 518, 517, 516, 515, 514, 513, 512, 511, 510, 509, 508, 507, 506, 505, 504, 503, 502, 501, 500, 499, 498, 497, 496, 495, 494, 493, 492, 491, 490, 489, 488, 487, 486, 485, 484, 483, 482, 481, 480, 479, 478, 477, 476, 475, 474, 473, 472, 471, 470, 469, 468, 467, 466, 465, 464, 463, 462, 461, 460, 459, 458, 457, 456, 455, 454, 453, 452, 451, 450, 449, 448, 447, 446, 445, 444, 443, 442, 441, 440, 439, 438, 437, 436, 435, 434, 433, 432, 431, 430, 429, 428, 427, 426, 425, 424, 423, 422, 421, 420, 419, 418, 417, 416, 415, 414, 413, 412, 411, 410, 409, 408, 407, 406, 405, 404, 403, 402, 401, 400, 399, 398, 397, 396, 395, 394, 393, 392, 391, 390, 389, 388, 387, 386, 385, 384, 383, 382, 381, 380, 379, 378, 377, 376, 375, 374, 373, 372, 371, 370, 369, 368, 367, 366, 365, 364, 363, 362, 361, 360, 359, 358, 357, 356, 355, 354, 353, 352, 351, 350, 349, 348, 347, 346, 345, 344, 343, 342, 341, 340, 339, 338, 337, 336, 335, 334, 333, 332, 331, 285, 284, 283, 276, 275, 274, 273, 272, 271, 270, 269, 268, 267, 266, 265, 264, 263, 262, 261, 260, 259, 258, 257, 256, 255, 254, 253, 252, 251, 250, 249, 248, 247, 246, 245, 244, 243, 242, 241, 240, 239, 238, 237, 236, 235, 234, 233, 232, 231, 230, 229, 228, 227, 226, 225, 224, 223, 222, 221, 220, 219, 218, 217, 216, 215, 214, 213, 212, 211, 210, 209, 208, 207, 206, 205, 204, 203, 202, 201, 200, 199, 198, 197, 196, 195, 194, 193, 192, 191, 190, 189, 188, 187, 186, 185, 184, 183, 182, 181, 180, 179, 178, 177, 176, 175, 174, 173, 172, 171, 170, 169, 168, 167, 166, 165, 164, 163, 162, 161, 154, 153, 152, 150, 148, 142, 140, 139, 138, 137, 136, 135, 134, 133, 132, 129, 127, 125, 124, 122, 121, 119, 118, 117, 116, 115, 114, 113, 112, 111, 108, 105, 103, 102, 101, 100, 99, 96}
with strategy
  []
